60001 33211.6530933803
60001 33370.301745655706
60001 33615.48602644496
60001 33503.71083961457
60001 33427.99216466494
60001 33662.35949188997
60001 33810.19119060114
60001 33143.14572080683
60001 34048.16416901424
60001 33821.00814416537
60001 33665.96514307805
60001 33395.54130397225
60001 33911.149423867304
60001 33233.28700050877
60001 32890.75013764142
60001 33337.85088496301
60001 33355.879140903395
60001 33691.204701394585
60001 33290.97741951801
60001 33723.65556208728
60001 33817.40249297729
60001 33658.75384070189
60001 33903.93812149115
60001 33723.65556208728
60001 33402.7526063484
60001 33453.23172298148
60001 33608.27472406881
60001 33806.58553941306
60001 33568.61256099996
60001 32879.933184077185
60001 32879.933184077185
60001 33929.17767980769
60001 33272.949163577614
60001 33637.11993357343
60001 33366.696094467625
60001 33024.15923160028
60001 32937.623603086424
60001 33597.45777050458
60001 33658.75384070189
60001 33550.58430505957
60001 33756.10642277998
60001 33258.52655882531
60001 33417.17521110071
60001 33831.8250977296
60001 33730.86686446344
60001 33619.09167763304
60001 33788.55728347267
60001 33222.47004694454
60001 33096.27225536182
60001 33424.386513476864
60001 33936.388982183846
60001 33269.34351238954
60001 33078.24399942144
60001 32998.91967328374
60001 33799.37423703691
60001 33377.513048031855
60001 33204.441791004145
60001 34192.39021653734
60001 33355.879140903395
60001 33716.44425971113
60001 33968.83984287654
60001 33464.04867654572
60001 33921.966377431534
60001 33640.7255847615
60001 33579.42951456419
60001 33676.78209664228
60001 33723.65556208728
60001 33384.72435040802
60001 33669.57079426612
60001 33889.515516738844
60001 33427.99216466494
60001 33637.11993357343
60001 33756.10642277998
60001 33222.47004694454
60001 33997.68505238116
60001 33485.68258367418
60001 33586.640816940344
60001 33420.78086228879
60001 33143.14572080683
60001 33510.92214199072
60001 34015.713308321545
60001 34008.50200594539
60001 33146.751371994906
60001 33482.076932486096
60001 33287.371768329926
60001 33262.132210013384
60001 34311.37670574388
60001 33280.16046595377
60001 34033.74156426193
60001 33323.4282802107
60001 33557.79560743573
60001 33060.21574348105
60001 33669.57079426612
60001 33132.3287672426
60001 33644.33123594958
60001 33363.09044327955
60001 34369.06712475312
60001 33644.33123594958
60001 33777.74032990844
60001 33507.31649080264
