70001 33520.273625319496
70001 33752.06603928769
70001 34314.54896385049
70001 33748.975473768114
70001 33872.59809455114
70001 33198.854811283614
70001 34268.19048105685
70001 33235.941597518526
70001 34036.39806708866
70001 33826.239611757504
70001 33653.16794266125
70001 34104.39050851933
70001 33511.00192876077
70001 33696.43585993532
70001 33779.88112896387
70001 33684.073597857016
70001 33656.258508180836
70001 33538.81701843695
70001 34024.03580501035
70001 33433.737790771374
70001 34141.47729475424
70001 33612.990590906775
70001 33541.90758395653
70001 33659.34907370041
70001 33591.356632269744
70001 33211.21707336191
70001 33677.892466817866
70001 33866.41696351199
70001 34014.764108451636
70001 33566.63210811314
70001 33504.820797721615
70001 33789.1528255226
70001 33597.537763308894
70001 33418.2849631735
70001 33708.79812201363
70001 34141.47729475424
70001 33257.57555615555
70001 33798.42452208132
70001 33773.69999792471
70001 33736.61321168981
70001 32800.17185925833
70001 33782.97169448344
70001 33396.65100453646
70001 33489.36797012374
70001 33313.20573550792
70001 34088.93768092145
70001 33334.83969414495
70001 33619.171721945924
70001 33325.567997586215
70001 33557.36041155441
70001 33619.171721945924
70001 33341.0208251841
70001 33399.74157005604
70001 33826.239611757504
70001 33424.46609421265
70001 33421.375528693075
70001 33662.439639219985
70001 33575.90380467186
70001 33480.09627356501
70001 34011.67354293206
70001 33439.918921810524
70001 33634.624549543805
70001 33529.54532187823
70001 33511.00192876077
70001 33483.186839084585
70001 33433.737790771374
70001 33433.737790771374
70001 33480.09627356501
70001 33724.2509496115
70001 33739.70377720938
70001 33235.941597518526
70001 33415.19439765392
70001 33458.46231492799
70001 33665.53020473956
70001 33687.16416337659
70001 33495.54910116289
70001 33455.371749408405
70001 33736.61321168981
70001 33470.824577006286
70001 33520.273625319496
70001 33378.10761141901
70001 33409.01326661477
70001 33925.13770838393
70001 33248.303859596825
70001 33551.17928051526
70001 33180.31141816615
70001 33368.83591486028
70001 32929.97561108051
70001 33245.21329407724
70001 33446.10005284968
70001 34017.854673971204
70001 33192.67368024446
70001 33758.24717032684
70001 33770.60943240514
70001 33069.051059461424
70001 33619.171721945924
70001 33396.65100453646
70001 32759.994507503845
70001 33776.790563444294
70001 33511.00192876077
