90001 33631.29735235352
90001 33549.56880471718
90001 33773.1204203107
90001 33136.11850490982
90001 33220.250833358994
90001 33470.24403789367
90001 33523.12721577602
90001 33453.41757220384
90001 33352.458778064836
90001 33338.03609318783
90001 33429.37976407551
90001 33525.530996588845
90001 33960.61532371171
90001 33797.15822843903
90001 33119.29203921999
90001 34073.59302191489
90001 33556.78014715568
90001 33621.68222910219
90001 33713.02589998986
90001 33551.97258553001
90001 33799.562009251866
90001 32660.16990396879
90001 33064.00508052482
90001 33600.04820178668
90001 33628.893571540684
90001 33215.443271733326
90001 33345.247435626334
90001 33249.096203113
90001 33633.70113316635
90001 33657.73894129469
90001 33458.22513382951
90001 33270.7302304285
90001 33823.5998173802
90001 33758.69773543369
90001 33487.070503583505
90001 33616.87466747652
90001 33239.48107986166
90001 33463.03269545517
90001 33429.37976407551
90001 33914.943488267876
90001 33761.10151624653
90001 33708.2183383642
90001 33590.433078535345
90001 33241.884860674494
90001 33669.75784535886
90001 33304.38316180816
90001 33539.95368146585
90001 34073.59302191489
90001 33491.878065209174
90001 33907.73214582937
90001 33513.51209252468
90001 33484.66672277068
90001 33970.23044696305
90001 33782.735543562034
90001 33458.22513382951
90001 33595.24064016102
90001 34032.72874809671
90001 33847.637625508534
90001 33246.692422300155
90001 33133.714724096986
90001 33926.96239233204
90001 33701.006995925694
90001 33609.66332503802
90001 33537.549900653015
90001 33640.912475604855
90001 33895.71324176521
90001 33506.30075008617
90001 33688.98809186152
90001 33652.931379669026
90001 33479.85916114501
90001 33232.26973742316
90001 33338.03609318783
90001 33535.146119840174
90001 33592.83685934819
90001 33761.10151624653
90001 33484.66672277068
90001 33537.549900653015
90001 33376.49658619316
90001 33547.165023904345
90001 33441.39866813967
90001 33494.281846022015
90001 34013.49850159405
90001 33592.83685934819
90001 34073.59302191489
90001 33725.04480405403
90001 33083.23532702748
90001 33693.79565348719
90001 33311.59450424666
90001 33789.94688600053
90001 33727.44858486686
90001 33232.26973742316
90001 33184.19412116649
90001 34025.51740565822
90001 33850.04140632137
90001 33506.30075008617
90001 33470.24403789367
90001 34013.49850159405
90001 33438.994887326844
90001 33304.38316180816
90001 33487.070503583505
