100000 33816.52383183927
100000 33604.50800844216
100000 33567.72975336307
100000 33470.37554874194
100000 33630.46912967446
100000 33823.01411214735
100000 33424.94358658542
100000 33461.72184166451
100000 34022.04937492831
100000 33539.60520536141
100000 33485.51953612745
100000 33098.266144412315
100000 33403.30931889184
100000 33751.62102875853
100000 33543.93205890013
100000 33654.2668241374
100000 33582.873740748575
100000 32886.25032101521
100000 33595.85430136473
100000 33569.89318013243
100000 33693.208505985844
100000 33550.4223392082
100000 33892.243768766806
100000 34128.05728662686
100000 33585.037167517934
100000 33680.227945369705
100000 33727.82333429559
100000 33606.671435211516
100000 34128.05728662686
100000 33221.581470265744
100000 33507.153803821035
100000 33360.04078350467
100000 33872.77292784258
100000 33688.88165244713
100000 33608.834861980875
100000 33717.006200448785
100000 33552.585765977565
100000 33479.029255819376
100000 33749.45760198916
100000 33338.40651581109
100000 33740.803894911725
100000 33963.63685215563
100000 33667.24738475355
100000 33145.861533338204
100000 33710.515920140715
100000 33474.702402280665
100000 33440.08757397093
100000 33885.75348845874
100000 33487.68296289681
100000 33386.00190473698
100000 33606.671435211516
100000 33548.25891243885
100000 33526.62464474526
100000 33442.25100074029
100000 33998.25168046537
100000 33498.500096743606
100000 33604.50800844216
100000 33234.56203088189
100000 33645.61311705996
100000 33338.40651581109
100000 33310.28196780943
100000 34147.528127551086
100000 33368.6944905821
100000 33922.531743537824
100000 33267.01343242227
100000 33842.48495307157
100000 33604.50800844216
100000 33645.61311705996
100000 33699.69878629392
100000 33530.951498283976
100000 33697.53535952457
100000 33461.72184166451
100000 33660.757104445474
100000 33342.73336934981
100000 33072.30502318002
100000 33513.64408412911
100000 33810.033551531196
100000 34073.971617392905
100000 33308.11854104008
100000 33784.0724302989
100000 33610.998288750234
100000 34078.29847093162
100000 33814.360405069914
100000 33840.321526302214
100000 33764.601589374666
100000 33513.64408412911
100000 33453.068134587076
100000 33760.274735835956
100000 33282.15741980777
100000 33357.87735673531
100000 34478.53242326291
100000 33572.05660690179
100000 33487.68296289681
100000 33610.998288750234
100000 33691.04507921649
100000 33498.500096743606
100000 33312.44539457879
100000 33331.91623550302
100000 33403.30931889184
100000 33576.383460440506
