1 0.0
1 216342.67693582797
1 0.0
1 0.0
1 0.0
1 0.0
1 0.0
1 216342.67693582797
1 0.0
1 0.0
1 0.0
1 0.0
1 0.0
1 0.0
1 0.0
1 0.0
1 0.0
1 0.0
1 0.0
1 0.0
1 216342.67693582797
1 0.0
1 0.0
1 0.0
1 0.0
1 0.0
1 0.0
1 0.0
1 0.0
1 0.0
1 0.0
1 0.0
1 0.0
1 0.0
1 0.0
1 0.0
1 0.0
1 0.0
1 216342.67693582797
1 0.0
1 0.0
1 216342.67693582797
1 0.0
1 0.0
1 0.0
1 216342.67693582797
1 0.0
1 0.0
1 216342.67693582797
1 0.0
1 0.0
1 0.0
1 0.0
1 0.0
1 0.0
1 0.0
1 216342.67693582797
1 0.0
1 216342.67693582797
1 0.0
1 0.0
1 0.0
1 0.0
1 0.0
1 0.0
1 0.0
1 0.0
1 0.0
1 0.0
1 216342.67693582797
1 0.0
1 0.0
1 0.0
1 0.0
1 0.0
1 0.0
1 216342.67693582797
1 0.0
1 0.0
1 0.0
1 0.0
1 0.0
1 0.0
1 0.0
1 0.0
1 0.0
1 0.0
1 0.0
1 0.0
1 0.0
1 0.0
1 0.0
1 0.0
1 0.0
1 0.0
1 0.0
1 0.0
1 0.0
1 0.0
1 0.0
