80001 33535.400016014835
80001 33110.83281961823
80001 33562.4425126006
80001 33762.55698733531
80001 33516.470268404795
80001 33565.14676225918
80001 33643.57000235792
80001 33876.13547299555
80001 34038.390452510175
80001 33486.72352216044
80001 33316.35579367009
80001 33538.104265673406
80001 33746.33148938385
80001 33489.42777181902
80001 33486.72352216044
80001 33795.00798323824
80001 33538.104265673406
80001 33164.91781278977
80001 33751.739988701
80001 33256.86230118139
80001 33968.07996138717
80001 33470.49802420898
80001 33832.86747845831
80001 33773.37398596962
80001 33578.668010552065
80001 33870.7269736784
80001 33557.034013283446
80001 33256.86230118139
80001 34057.320200120215
80001 33559.738262942024
80001 34116.813692608914
80001 33548.92126430772
80001 33819.34623016543
80001 33673.316748602265
80001 33219.00280596131
80001 33557.034013283446
80001 33243.34105288851
80001 33313.65154401151
80001 34016.75645524156
80001 33681.429497578
80001 33037.818078836644
80001 33767.965486652465
80001 33373.1450365002
80001 34100.58819465745
80001 33413.70878137886
80001 33454.27252625752
80001 33605.71050713784
80001 33724.69749211523
80001 33881.543972312706
80001 33300.13029571862
80001 33532.69576635626
80001 33383.962035134515
80001 33857.20572538551
80001 33013.47983190945
80001 33392.07478411024
80001 33865.318474361244
80001 33310.94729435293
80001 33343.39829025586
80001 33640.86575269934
80001 33608.41475679642
80001 33935.62896548425
80001 33173.0305617655
80001 33427.23002967175
80001 33941.037464801404
80001 33459.68102557467
80001 33784.19098460393
80001 33578.668010552065
80001 33908.58646889847
80001 33454.27252625752
80001 33678.72524791942
80001 33786.895234262505
80001 33281.20054810858
80001 33632.75300372361
80001 33727.40174177381
80001 33362.3280378659
80001 33719.28899279807
80001 33689.542246553734
80001 33373.1450365002
80001 33459.68102557467
80001 33765.26123699389
80001 33200.07305835127
80001 33448.86402694036
80001 33167.62206244835
80001 33721.99324245665
80001 33473.20227386756
80001 33337.98979093871
80001 33908.58646889847
80001 33884.248221971284
80001 33297.42604606004
80001 33781.486734945356
80001 33497.540520794755
80001 33056.747826446684
80001 33711.176243822345
80001 32970.21183737222
80001 33227.115554937045
80001 33851.79722606836
80001 33332.58129162155
80001 33189.25605971696
80001 33548.92126430772
80001 33310.94729435293
