40001 33505.23445957487
40001 33537.68504985049
40001 33516.05132300007
40001 33099.60208112965
40001 33932.50056487049
40001 34051.48606254776
40001 33007.6587420154
40001 33716.16329636638
40001 34392.21726044174
40001 33483.60073272446
40001 33278.08032764555
40001 33672.89584266555
40001 33510.64289128747
40001 33370.02366675979
40001 33699.93800122857
40001 33305.12248620856
40001 34159.654696799815
40001 32926.53226632636
40001 33153.68639825568
40001 33743.2054549294
40001 33937.90899658309
40001 33553.9103449883
40001 32850.814222349916
40001 34148.83783337461
40001 33959.54272343351
40001 33721.57172807898
40001 32785.91304179868
40001 33743.2054549294
40001 33489.00916443706
40001 33640.44525238994
40001 33077.96835427924
40001 34354.358238453526
40001 33310.53091792116
40001 33283.48875935815
40001 33808.10663548063
40001 33413.29112046061
40001 33791.88134034282
40001 33748.613886642
40001 33380.840530185
40001 33283.48875935815
40001 33775.65604520501
40001 33770.247613492415
40001 33672.89584266555
40001 33440.33327902364
40001 33699.93800122857
40001 33202.36228366911
40001 33099.60208112965
40001 34002.810177134335
40001 33445.74171073624
40001 32888.67324433814
40001 33948.7258600083
40001 33580.95250355131
40001 33494.417596149666
40001 34046.077630835156
40001 33705.34643294117
40001 33386.2489618976
40001 33180.7285568187
40001 33553.9103449883
40001 33223.99601051952
40001 33397.06582532281
40001 33808.10663548063
40001 32780.50461008608
40001 33153.68639825568
40001 33948.7258600083
40001 33635.036820677335
40001 33921.68370144529
40001 33353.79837162198
40001 33905.45840630748
40001 33618.811525539524
40001 33975.76801857132
40001 33905.45840630748
40001 33889.23311116967
40001 33932.50056487049
40001 33575.5440718387
40001 33002.2503103028
40001 33256.446600795134
40001 33342.98150819678
40001 33699.93800122857
40001 33234.81287394473
40001 33456.55857416144
40001 33786.47290863022
40001 33586.36093526391
40001 33591.769366976514
40001 33083.37678599184
40001 33786.47290863022
40001 33229.404442232124
40001 33267.26346422034
40001 34224.55587735105
40001 33332.164644771576
40001 33770.247613492415
40001 34046.077630835156
40001 34078.52822111078
40001 33602.58623040172
40001 33575.5440718387
40001 33791.88134034282
40001 33489.00916443706
40001 33370.02366675979
40001 33202.36228366911
40001 33402.47425703541
40001 33256.446600795134
