30001 34505.50678770497
30001 33214.70517537495
30001 33315.661726059974
30001 33351.71763701891
30001 33560.84192058076
30001 32904.62434112806
30001 32500.79813838794
30001 33358.928819210705
30001 33128.170989073486
30001 33849.289208252274
30001 33611.320195923276
30001 33986.301669896246
30001 34382.916690444574
30001 33315.661726059974
30001 33647.37610688222
30001 33690.64320003294
30001 33546.41955619718
30001 33207.493993183154
30001 33986.301669896246
30001 33250.761086333885
30001 33654.587289074
30001 33914.18984797836
30001 34036.77994523876
30001 33690.64320003294
30001 33971.87930551267
30001 33669.00965345758
30001 34173.79240688273
30001 33048.84798496382
30001 33878.133937019426
30001 33171.43808222422
30001 34390.12787263637
30001 32926.25788770343
30001 33604.10901373149
30001 33474.307734279304
30001 33705.065564416516
30001 33488.73009866288
30001 34094.46940277306
30001 32854.14606578555
30001 34339.64959729385
30001 33596.897831539696
30001 33431.04064112858
30001 33207.493993183154
30001 33661.79847126579
30001 33503.15246304646
30001 32695.500057566216
30001 34022.35758085518
30001 33063.2703493474
30001 32846.93488359376
30001 33438.25182332037
30001 32969.524980854156
30001 33798.81093290976
30001 33625.74256030685
30001 33640.16492469043
30001 32919.04670551164
30001 33741.121475375454
30001 33149.80453564885
30001 33185.86044660779
30001 33683.43201784116
30001 33070.48153153919
30001 34447.81733017066
30001 33387.77354797785
30001 33185.86044660779
30001 33243.54990414209
30001 32919.04670551164
30001 33272.39463290924
30001 33488.73009866288
30001 33467.09655208752
30001 34498.29560551319
30001 34483.87324112961
30001 33568.05310277255
30001 33531.99719181361
30001 33950.2457589373
30001 33229.12753975852
30001 33654.587289074
30001 33394.98473016964
30001 33979.09048770445
30001 33084.90389592276
30001 33366.140001402484
30001 33294.02817948461
30001 33041.63680277203
30001 34217.05950003346
30001 32991.15852742952
30001 32955.10261647058
30001 33438.25182332037
30001 33733.91029318367
30001 33582.475467156124
30001 33200.28281099137
30001 33012.79207400488
30001 33423.829458936794
30001 34346.860779485636
30001 33503.15246304646
30001 34527.14033428033
30001 33373.35118359428
30001 33762.75502195082
30001 34310.8048685267
30001 33618.53137811506
30001 33005.58089181309
30001 33546.41955619718
30001 33337.29527263533
30001 33185.86044660779
