50001 33290.14532397873
50001 33393.987732059766
50001 33683.88112128599
50001 33186.30291589769
50001 33389.66096505639
50001 33432.92863509015
50001 33856.95180142105
50001 34034.34924855948
50001 33744.45585933326
50001 33294.472090982104
50001 33584.365480208326
50001 33714.168490309625
50001 33835.31796640417
50001 33567.05841219483
50001 34125.21135563039
50001 32995.92516774913
50001 33554.07811118469
50001 33272.838255965224
50001 33618.979616235345
50001 33913.19977246494
50001 33359.373596032754
50001 33549.75134418132
50001 33220.917051924705
50001 33748.78262633664
50001 33649.266985258975
50001 33662.24728626911
50001 33541.097810174564
50001 33549.75134418132
50001 33558.40487818807
50001 33004.57870175588
50001 33160.34231387743
50001 33021.88576976939
50001 33363.70036303613
50001 33463.21600411379
50001 33580.03871320496
50001 34077.61691859325
50001 33692.534655292744
50001 33748.78262633664
50001 33311.77915899561
50001 33692.534655292744
50001 33588.69224721171
50001 33173.32261488756
50001 34004.06187953585
50001 33411.294800073265
50001 33419.94833408002
50001 33238.22411993821
50001 33740.12909232988
50001 33229.570585931455
50001 32731.99238054316
50001 33934.83360748183
50001 33809.35736438391
50001 33878.585636437936
50001 34060.309850579746
50001 33692.534655292744
50001 33882.9124034413
50001 33679.55435428261
50001 32532.96109838784
50001 32952.657497715365
50001 33835.31796640417
50001 33493.50337313743
50001 33774.74322835689
50001 33727.14879131975
50001 34267.99466674181
50001 33008.90546875926
50001 34549.23452196129
50001 33255.53118795172
50001 33956.46744249871
50001 33774.74322835689
50001 33930.50684047845
50001 32935.35042970186
50001 33554.07811118469
50001 33324.75946000574
50001 33480.5230721273
50001 33614.65284923196
50001 33398.31449906314
50001 33640.61345125222
50001 33181.97614889432
50001 32654.110574482387
50001 33393.987732059766
50001 33359.373596032754
50001 33168.99584788419
50001 33104.09434283354
50001 33143.035245863925
50001 33350.720062026005
50001 33930.50684047845
50001 33705.514956302875
50001 33428.60186808677
50001 33186.30291589769
50001 33571.3851791982
50001 33086.78727482003
50001 33735.802325326506
50001 34017.04218054598
50001 32922.37012869173
50001 33450.23570310366
50001 33484.84983913067
50001 33818.01089839066
50001 33047.846371789645
50001 33229.570585931455
50001 33320.43269300237
50001 33173.32261488756
