20001 33650.42087632422
20001 32092.83148185599
20001 32979.792109261514
20001 33390.822643912856
20001 34018.185038907
20001 34072.26800399271
20001 34256.1500852841
20001 33974.91866683844
20001 33801.8531785642
20001 32893.25936512439
20001 33055.508260381495
20001 33163.6741905529
20001 33023.058481330074
20001 33239.390341672886
20001 34494.11513166119
20001 33455.7222020157
20001 33693.68724839279
20001 33325.923085810005
20001 32644.477725730154
20001 34375.13260847264
20001 33012.241888312936
20001 34029.00163192414
20001 33033.87507434721
20001 33888.385922701316
20001 33682.87065537564
20001 33055.508260381495
20001 34212.88371321553
20001 33672.054062358504
20001 33261.02352770716
20001 33899.20251571846
20001 33131.22441150148
20001 33434.089015981415
20001 33736.95362046135
20001 32211.814005044533
20001 33055.508260381495
20001 34018.185038907
20001 34137.16756209555
20001 33498.98857408426
20001 33196.12396960432
20001 34234.516899249815
20001 32839.17640003868
20001 34007.368445889864
20001 33531.43835313568
20001 33239.390341672886
20001 32871.626179090104
20001 33736.95362046135
20001 34061.45141097556
20001 33661.237469341366
20001 33769.40339951277
20001 33325.923085810005
20001 32968.975516244376
20001 34061.45141097556
20001 34191.25052718125
20001 34223.70030623268
20001 34039.818224941286
20001 33239.390341672886
20001 33715.32043442706
20001 32720.19387685014
20001 32687.744097798717
20001 32806.72662098726
20001 33682.87065537564
20001 33304.28989977572
20001 33250.206934690024
20001 33488.17198106712
20001 33380.00605089571
20001 32860.809586072966
20001 32806.72662098726
20001 32384.879493318782
20001 33726.13702744421
20001 33693.68724839279
20001 33228.57374865574
20001 33098.774632450055
20001 33444.90560899855
20001 33228.57374865574
20001 34504.931724678325
20001 34656.364026918294
20001 33120.40781848434
20001 33390.822643912856
20001 33812.669771581335
20001 33791.03658554705
20001 33726.13702744421
20001 34007.368445889864
20001 32936.52573719295
20001 33780.21999252991
20001 33607.15450425566
20001 34180.43393416411
20001 33650.42087632422
20001 34039.818224941286
20001 33672.054062358504
20001 34331.86623640408
20001 33498.98857408426
20001 33607.15450425566
20001 33942.46888778702
20001 34331.86623640408
20001 33347.55627184429
20001 34883.512480278245
20001 33812.669771581335
20001 33228.57374865574
20001 33780.21999252991
20001 33791.03658554705
