10001 34178.72508335249
10001 32621.213560566805
10001 33486.497739892184
10001 33118.75196367889
10001 34827.688217846524
10001 34070.564560936815
10001 33594.65826230786
10001 34589.735068532034
10001 34286.88560576816
10001 31972.25042607277
10001 33075.48775471262
10001 32751.006187465606
10001 33421.60142644278
10001 34373.414023700694
10001 35563.17977027309
10001 33551.39405334158
10001 33962.40403852114
10001 34178.72508335249
10001 32794.27039643188
10001 31669.400963308883
10001 32729.374082982475
10001 34048.93245645367
10001 33464.86563540904
10001 33399.969321959645
10001 33010.59144126322
10001 33118.75196367889
10001 32102.043052971574
10001 33140.38406816203
10001 34979.11294922846
10001 32967.32723229695
10001 33637.92247127413
10001 32664.477769533074
10001 32556.317247117397
10001 34178.72508335249
10001 34092.19666541995
10001 33443.233530925914
10001 34243.621396801886
10001 32513.05303815113
10001 33637.92247127413
10001 32426.52462021859
10001 33464.86563540904
10001 31950.61832158963
10001 33789.34720265606
10001 35779.50081510443
10001 33962.40403852114
10001 34481.57454611637
10001 32945.69512781382
10001 33378.33721747651
10001 34503.2066505995
10001 34005.6682474874
10001 32361.628306769187
10001 32815.90250091501
10001 32988.95933678009
10001 33594.65826230786
10001 32102.043052971574
10001 33529.76194885845
10001 34048.93245645367
10001 33075.48775471262
10001 33984.036143004276
10001 33183.6482771283
10001 32794.27039643188
10001 33508.12984437531
10001 34113.82876990308
10001 32686.109874016205
10001 32772.638291948744
10001 34070.564560936815
10001 33508.12984437531
10001 33335.07300851024
10001 32599.581456083666
10001 33140.38406816203
10001 34416.67823266696
10001 32686.109874016205
10001 33226.91248609457
10001 34438.3103371501
10001 32318.364097802918
10001 32707.741978499336
10001 32837.53460539815
10001 31647.76885882575
10001 32707.741978499336
10001 34611.36717301518
10001 32815.90250091501
10001 34546.470859565765
10001 35108.90557612727
10001 33746.08299368979
10001 33075.48775471262
10001 33248.5445905777
10001 34070.564560936815
10001 33075.48775471262
10001 33551.39405334158
10001 34568.10296404891
10001 34697.89559094771
10001 33356.705112993375
10001 34546.470859565765
10001 33551.39405334158
10001 33940.771934038006
10001 33118.75196367889
10001 33075.48775471262
10001 33486.497739892184
10001 33875.8756205886
10001 35173.80188957667
